name: /lisc/scratch/cube/pfundner/envs/kraken
channels:
  - bioconda
  - defaults
  - conda-forge
dependencies:
  - _libgcc_mutex=0.1=conda_forge
  - _openmp_mutex=4.5=2_gnu
  - blast=2.16.0=h66d330f_4
  - bzip2=1.0.8=h5eee18b_6
  - c-ares=1.34.4=hb9d3cd8_0
  - ca-certificates=2024.12.31=h06a4308_0
  - curl=8.11.1=h332b0f4_0
  - entrez-direct=22.4=he881be0_0
  - kraken2=2.1.3=pl5321h077b44d_4
  - krb5=1.21.3=h143b758_0
  - ld_impl_linux-64=2.40=h12ee557_0
  - libcurl=8.11.1=h332b0f4_0
  - libedit=3.1.20230828=h5eee18b_0
  - libev=4.33=h7f8727e_1
  - libexpat=2.6.4=h5888daf_0
  - libffi=3.4.4=h6a678d5_1
  - libgcc=14.2.0=h77fa898_1
  - libgcc-ng=14.2.0=h69a702a_1
  - libgomp=14.2.0=h77fa898_1
  - libiconv=1.17=hd590300_2
  - libidn2=2.3.4=h5eee18b_0
  - liblzma=5.6.4=hb9d3cd8_0
  - libmpdec=4.0.0=h5eee18b_0
  - libnghttp2=1.64.0=h161d5f1_0
  - libnsl=2.0.0=h5eee18b_0
  - libsqlite=3.48.0=hee588c1_1
  - libssh2=1.11.1=hf672d98_0
  - libstdcxx=14.2.0=hc0a3c3a_1
  - libstdcxx-ng=14.2.0=h4852527_1
  - libunistring=0.9.10=h27cfd23_0
  - libuuid=2.38.1=h0b41bf4_0
  - libzlib=1.3.1=hb9d3cd8_2
  - lz4-c=1.10.0=h5888daf_1
  - ncbi-vdb=3.2.0=h9948957_0
  - ncurses=6.5=h2d0b736_3
  - openssl=3.4.0=h7b32b05_1
  - perl=5.32.1=0_h5eee18b_perl5
  - perl-archive-tar=2.40=pl5321hdfd78af_0
  - perl-carp=1.38=pl5321hdfd78af_4
  - perl-common-sense=3.75=pl5321hdfd78af_0
  - perl-compress-raw-bzip2=2.201=pl5321h87f3376_1
  - perl-compress-raw-zlib=2.105=pl5321h87f3376_0
  - perl-encode=3.19=pl5321hec16e2b_1
  - perl-exporter=5.72=pl5321hdfd78af_2
  - perl-exporter-tiny=1.002002=pl5321hdfd78af_0
  - perl-extutils-makemaker=7.70=pl5321hd8ed1ab_0
  - perl-io-compress=2.201=pl5321h503566f_4
  - perl-io-zlib=1.14=pl5321hdfd78af_0
  - perl-json=4.10=pl5321hdfd78af_1
  - perl-json-xs=4.03=pl5321h9948957_4
  - perl-list-moreutils=0.430=pl5321hdfd78af_0
  - perl-list-moreutils-xs=0.430=pl5321h7b50bb2_4
  - perl-parent=0.236=pl5321hdfd78af_2
  - perl-pathtools=3.75=pl5321hec16e2b_3
  - perl-scalar-list-utils=1.62=pl5321hec16e2b_1
  - perl-types-serialiser=1.01=pl5321hdfd78af_0
  - pip=24.2=py313h06a4308_0
  - popt=1.16=1
  - python=3.13.1=ha99a958_105_cp313
  - python_abi=3.13=0_cp313
  - readline=8.2=h5eee18b_0
  - rpsbproc=0.5.0=hd6d6fdc_2
  - rsync=3.4.1=h168f954_0
  - setuptools=75.8.0=py313h06a4308_0
  - tar=1.34=hb2e2bae_1
  - tk=8.6.13=noxft_h4845f30_101
  - tzdata=2025a=h04d1e81_0
  - wget=1.21.4=hda4d442_0
  - wheel=0.44.0=py313h06a4308_0
  - xxhash=0.8.3=hb9d3cd8_0
  - zlib=1.3.1=hb9d3cd8_2
  - zstd=1.5.6=ha6fb4c9_0
prefix: /lisc/scratch/cube/pfundner/envs/kraken
